21
103.1951697029368,109.05603943138807,0.0,f
102.24784268080904,109.51182220560634,0.0,f
115.34356113919347,101.35512138235092,0.0,f
116.91182073965552,105.56803454632296,0.0,f
117.59476879590359,102.93489953423605,0.0,f
127.73671594564003,106.20019776434413,0.0,f
126.50705784702492,107.94087667241544,0.0,f
129.34784420951999,102.22513259442414,0.0,f
123.24625544663769,100.95939716772887,0.0,f
135.92823600591149,107.8114270146397,0.0,f
135.9898445766526,100.2266536773191,0.0,f
139.91815852528057,100.02135597309304,0.0,f
148.68999371720066,103.65781749979284,0.0,f
149.98967194199938,100.0644687093036,0.0,f
140.49468911668188,107.20833520345509,0.0,f
158.8549096738691,104.08879952620325,0.0,f
156.36886805034996,103.79125900192187,0.0,f
151.29735572706608,101.56638636523881,0.0,f
167.77805582999329,102.0906444130199,0.0,f
162.27593091224549,101.56334378382827,0.0,f
163.97245814165191,100.40319071170593,0.0,f