21
1009.5643,1190.2054,0.0,f
847.7865,847.9332,0.0,f
1211.7761,918.43604,-1.9883496,f
462.4077,930.1665,-1.9844961,f
764.87805,138.36522,0.0,f
939.9109,1871.9209,-5.1782556,f
1144.9639,1517.285,-1.8483754,f
1843.5459,772.5014,0.0,f
148.21579,1184.0476,1.9560649,f
797.2111,1474.342,0.0,f
1405.3889,645.0141,0.0,f
1399.1625,1323.8545,0.0,f
599.85376,1175.4148,0.0,f
1422.4779,221.33888,2.045954,f
674.1421,511.32498,0.0,f
1449.5215,1746.745,0.0,f
1054.692,511.57855,2.0098135,f
398.76028,1646.3531,0.0,f
241.45755,511.99265,-2.0439122,f
1569.4772,1063.8347,0.0,f
1773.2755,1372.577,0.0,f
