50
167.9717820775014,426.6666666666667
145.8333333333333,429.5951784553949
251.7590136210982,506.6666666666666
240.7882532000982,480
204.1666666666667,572.9013267794514
160.4166666666667,426.088902115082
131.25,439.2588539259021
247.9166666666667,494.7208804415332
233.3333333333333,468.2483016185769
218.75,567.0253784881302
437.5,251.2551217477514
350,356.344259235952
470.7296525374069,306.6666666666666
312.1852543777113,333.3333333333333
364.5833333333334,230.8553309905632
422.9166666666666,242.8804104332666
358.1758087698941,360
469.3796243258516,293.3333333333334
320.8333333333333,339.2283490692375
350,232.1982084218862
175,529.6961985553495
222.1056712613875,506.6666666666666
181.0456392575717,533.3333333333334
220.8847318496651,520
160.4166666666667,487.9594116368386
181.0456392575717,533.3333333333334
219.1271280317394,493.3333333333334
189.5833333333333,536.7962016962033
222.1056712613875,506.6666666666666
159.2434438087832,493.3333333333334
300.9036074842546,653.3333333333334
350,681.8262843517039
308.2513730699541,666.6666666666666
379.1666666666666,624.3377744699965
320.8333333333333,675.1759939035704
306.25,663.8186594225772
364.5833333333334,680.3678729352159
320.8333333333333,675.1759939035704
364.5833333333334,619.883858012028
333.5311184287905,680
306.25,453.6343129412003
277.0833333333333,436.7795686544084
328.7956545477816,440
307.4131879501672,453.3333333333333
320.8333333333333,396.8761982092115
307.4131879501672,453.3333333333333
280.9307060662994,440
334.642953577279,426.6666666666667
320.8333333333333,449.0067065696722
306.393885302349,386.6666666666667
