50
44.971786,145.66666
126.83333,127.595184
677.75903,143.66663
715.78827,192.0
697.1667,713.9013
571.4167,741.08887
56.25,737.25885
36.91667,673.7209
409.3333,357.2483
356.75,371.0254
307.5,352.25513
275.0,332.34427
255.72964,289.66666
277.18524,251.33334
358.58334,205.85533
415.91666,206.88042
493.1758,272.0
526.37964,316.33334
544.8334,396.22836
487.0,400.1982
192.0,493.69623
149.10565,493.66663
387.04565,516.3333
370.88474,551.0
321.4167,570.9594
294.04565,608.3333
248.12714,617.3334
209.58333,621.7962
198.10567,584.6666
209.24344,534.3334
252.9036,494.3333
268.0,450.8263
300.25134,430.6667
355.16663,429.33777
390.83337,449.17596
405.25,488.81866
245.58334,403.36786
230.83334,454.17596
452.58334,563.88385
498.53113,543.0
550.25,584.6343
576.0834,640.77954
493.79565,683.0
433.4132,696.3334
369.83337,632.8762
380.4132,587.3334
150.9307,373.0
204.64294,359.66666
106.83334,452.0067
115.39389,397.66666
