288
100.97755226960604 , 100.13988415052803
105.97755226960604 , 105.13988415052803
100.30778221121088 , 180.55200456309137
105.30778221121088 , 185.55200456309137
100.68970455140591 , 260.70978312576216
105.68970455140591 , 265.70978312576216
100.41839472042702 , 340.24977680195985
105.41839472042702 , 345.24977680195985
100.30494543512916 , 420.71421019587984
105.30494543512916 , 425.71421019587984
100.03175957399426 , 500.5264176479524
105.03175957399426 , 505.5264176479524
100.46251520545553 , 580.3630553982857
105.46251520545553 , 585.3630553982857
100.47543700943883 , 660.3257527988634
105.47543700943883 , 665.3257527988634
100.70104437786588 , 740.6442804535179
105.70104437786588 , 745.6442804535179
100.85221265698861 , 820.8640130579998
105.85221265698861 , 825.8640130579998
100.57909045870676 , 900.4702762988607
105.57909045870676 , 905.4702762988607
100.61158558239624 , 980.5083561264117
105.61158558239624 , 985.5083561264117
180.9044246008223 , 100.90563558466243
185.9044246008223 , 105.90563558466243
180.88301340856805 , 180.019349082095
180.88301340856805 , 180.019349082095
180.1619434640782 , 260.1589876814266
180.1619434640782 , 260.1589876814266
180.44029428090346 , 340.4567358623983
180.44029428090346 , 340.4567358623983
180.30024380739343 , 420.5003542134869
180.30024380739343 , 420.5003542134869
180.83684462207327 , 500.13163100788154
180.83684462207327 , 500.13163100788154
180.6570477906953 , 580.6020487926727
180.6570477906953 , 580.6020487926727
180.85191837124412 , 660.8835368562969
180.85191837124412 , 660.8835368562969
180.56742027612333 , 740.5481781859485
180.56742027612333 , 740.5481781859485
180.55872032900797 , 820.1177280827042
180.55872032900797 , 820.1177280827042
180.01799320399957 , 900.1672285461741
180.01799320399957 , 900.1672285461741
180.221212533929 , 980.397366257757
185.221212533929 , 985.397366257757
260.7106984802902 , 100.85719199773452
265.7106984802902 , 105.85719199773452
260.21597706971636 , 180.0988726548746
260.21597706971636 , 180.0988726548746
260.5442501028974 , 260.80378694775715
260.5442501028974 , 260.80378694775715
260.4157791517359 , 340.29006200859476
260.4157791517359 , 340.29006200859476
260.98144590236654 , 420.5992224067976
260.98144590236654 , 420.5992224067976
260.4260298745569 , 500.4301119221395
260.4260298745569 , 500.4301119221395
260.55042950939975 , 580.695970188388
260.55042950939975 , 580.695970188388
260.69534780078857 , 660.8692560025676
260.69534780078857 , 660.8692560025676
260.2272278705852 , 740.4749853138619
260.2272278705852 , 740.4749853138619
260.82741725640227 , 820.154764465035
260.82741725640227 , 820.154764465035
260.28932778711794 , 900.6962264857756
260.28932778711794 , 900.6962264857756
260.19454356864134 , 980.6565984630472
265.19454356864134 , 985.6565984630472
340.5356773604999 , 100.23361872474449
345.5356773604999 , 105.23361872474449
340.9402926729751 , 180.09036962069234
340.9402926729751 , 180.09036962069234
340.6611344808242 , 260.5351663454457
340.6611344808242 , 260.5351663454457
340.3721495364908 , 340.65983479739737
340.3721495364908 , 340.65983479739737
340.825069888919 , 420.69419948272224
340.825069888919 , 420.69419948272224
340.44035543883547 , 500.4470563747652
340.44035543883547 , 500.4470563747652
340.7278973633474 , 580.7885437345002
340.7278973633474 , 580.7885437345002
340.0642462765103 , 660.7977193309126
340.0642462765103 , 660.7977193309126
340.0931112649945 , 740.4313860648423
340.0931112649945 , 740.4313860648423
340.2741517071028 , 820.7912238774306
340.2741517071028 , 820.7912238774306
340.13669965295685 , 900.1400950811718
340.13669965295685 , 900.1400950811718
340.6322786750363 , 980.7224562668673
345.6322786750363 , 985.7224562668673
420.0170130163618 , 100.70426748805126
425.0170130163618 , 105.70426748805126
420.38480085992455 , 180.90516505299007
420.38480085992455 , 180.90516505299007
420.8691172443374 , 260.13624704973574
420.8691172443374 , 260.13624704973574
420.9894309129103 , 340.2946447882946
420.9894309129103 , 340.2946447882946
420.84165386707883 , 420.1143493443737
420.84165386707883 , 420.1143493443737
420.268625518589 , 500.557910449409
420.268625518589 , 500.557910449409
420.213723760346 , 580.576256679614
420.213723760346 , 580.576256679614
420.2739272440176 , 660.3575965835965
420.2739272440176 , 660.3575965835965
420.0142180402716 , 740.3256268199514
420.0142180402716 , 740.3256268199514
420.9613136602999 , 820.575756007994
420.9613136602999 , 820.575756007994
420.4621578223081 , 900.0804125314246
420.4621578223081 , 900.0804125314246
420.09679386830027 , 980.521971200888
425.09679386830027 , 985.521971200888
500.4040385361827 , 100.01552373401081
505.4040385361827 , 105.01552373401081
500.058004302125 , 180.474557483903
500.058004302125 , 180.474557483903
500.41490901769737 , 260.5806135911351
500.41490901769737 , 260.5806135911351
500.6976998563268 , 340.7996837266205
500.6976998563268 , 340.7996837266205
500.73530923318725 , 420.4393892042031
500.73530923318725 , 420.4393892042031
500.2489809523265 , 500.3462123511241
500.2489809523265 , 500.3462123511241
500.9947330390953 , 580.6380184586366
500.9947330390953 , 580.6380184586366
500.1816875532242 , 660.775621115294
500.1816875532242 , 660.775621115294
500.7558414330637 , 740.6416974349133
500.7558414330637 , 740.6416974349133
500.2663498977216 , 820.746948088253
500.2663498977216 , 820.746948088253
500.7047482491917 , 900.0206611406678
500.7047482491917 , 900.0206611406678
500.2752343762704 , 980.3823169666882
505.2752343762704 , 985.3823169666882
580.0959810507362 , 100.30168831338308
585.0959810507362 , 105.30168831338308
580.0896063690594 , 180.9592313644511
580.0896063690594 , 180.9592313644511
580.8278115477968 , 260.80012854814584
580.8278115477968 , 260.80012854814584
580.5306045990851 , 340.05993317017993
580.5306045990851 , 340.05993317017993
580.2201340722065 , 420.5420807386307
580.2201340722065 , 420.5420807386307
580.7139893441303 , 500.814514441064
580.7139893441303 , 500.814514441064
580.2942418267479 , 580.4569346350237
580.2942418267479 , 580.4569346350237
580.2542396808656 , 660.2369040914725
580.2542396808656 , 660.2369040914725
580.050128928386 , 740.8973548153426
580.050128928386 , 740.8973548153426
580.3993161173328 , 820.7666559816098
580.3993161173328 , 820.7666559816098
580.434883166076 , 900.6131202127735
580.434883166076 , 900.6131202127735
580.5295463925346 , 980.0301297805842
585.5295463925346 , 985.0301297805842
660.4639323124076 , 100.65178669392635
665.4639323124076 , 105.65178669392635
660.4206317957243 , 180.12903090671728
660.4206317957243 , 180.12903090671728
660.792571200321 , 260.17309888582923
660.792571200321 , 260.17309888582923
660.4898848162542 , 340.3479566462683
660.4898848162542 , 340.3479566462683
660.0506152242945 , 420.87283517180845
660.0506152242945 , 420.87283517180845
660.280784623977 , 500.9404946299114
660.280784623977 , 500.9404946299114
660.6825744015251 , 580.7878846524508
660.6825744015251 , 580.7878846524508
660.8118751549962 , 660.7889348834339
660.8118751549962 , 660.7889348834339
660.0046823451413 , 740.6599072432128
660.0046823451413 , 740.6599072432128
660.3617377493383 , 820.7871381792312
660.3617377493383 , 820.7871381792312
660.2382310369204 , 900.5141497252636
660.2382310369204 , 900.5141497252636
660.9767310372873 , 980.7691531463686
665.9767310372873 , 985.7691531463686
740.6768171091802 , 100.28450154332758
745.6768171091802 , 105.28450154332758
740.2158403921794 , 180.26677040538672
740.2158403921794 , 180.26677040538672
740.146070834285 , 260.812111942379
740.146070834285 , 260.812111942379
740.3823270585243 , 340.9441688526182
740.3823270585243 , 340.9441688526182
740.6119823248188 , 420.60157844622887
740.6119823248188 , 420.60157844622887
740.181189596966 , 500.6723478915189
740.181189596966 , 500.6723478915189
740.398764713807 , 580.6363200979854
740.398764713807 , 580.6363200979854
740.9000656127874 , 660.8551626251726
740.9000656127874 , 660.8551626251726
740.9975930136917 , 740.9278288584577
740.9975930136917 , 740.9278288584577
740.9116282751552 , 820.759511154565
740.9116282751552 , 820.759511154565
740.2880176801489 , 900.6150776334233
740.2880176801489 , 900.6150776334233
740.2661349920143 , 980.1309491274452
745.2661349920143 , 985.1309491274452
820.229925568802 , 100.21112001032722
825.229925568802 , 105.21112001032722
820.7914952905872 , 180.941933855967
820.7914952905872 , 180.941933855967
820.6646843017074 , 260.63181101545246
820.6646843017074 , 260.63181101545246
820.5608555987666 , 340.74485444133586
820.5608555987666 , 340.74485444133586
820.8048357878334 , 420.80431776037165
820.8048357878334 , 420.80431776037165
820.9872451367522 , 500.63255846230993
820.9872451367522 , 500.63255846230993
820.0522618416851 , 580.9449294697924
820.0522618416851 , 580.9449294697924
820.1060348060928 , 660.4538839294922
820.1060348060928 , 660.4538839294922
820.1013689639836 , 740.8884054537596
820.1013689639836 , 740.8884054537596
820.4372933096384 , 820.5830568382615
820.4372933096384 , 820.5830568382615
820.5713364941558 , 900.6891123583974
820.5713364941558 , 900.6891123583974
820.5183723315108 , 980.1536020009924
825.5183723315108 , 985.1536020009924
900.7569705342564 , 100.66788635692268
905.7569705342564 , 105.66788635692268
900.6739510619929 , 180.12654648685026
900.6739510619929 , 180.12654648685026
900.3245913083624 , 260.76773486217274
900.3245913083624 , 260.76773486217274
900.9292586725076 , 340.3905130189479
900.9292586725076 , 340.3905130189479
900.28910705993 , 420.6995811575434
900.28910705993 , 420.6995811575434
900.7151667592857 , 500.3807562569879
900.7151667592857 , 500.3807562569879
900.4124191534022 , 580.8706849561247
900.4124191534022 , 580.8706849561247
900.1257557828684 , 660.3434923843375
900.1257557828684 , 660.3434923843375
900.7007363346216 , 740.078580001001
900.7007363346216 , 740.078580001001
900.0579414952026 , 820.4736604262821
900.0579414952026 , 820.4736604262821
900.3812532968683 , 900.7926619854671
900.3812532968683 , 900.7926619854671
900.0118569665501 , 980.6124074737554
905.0118569665501 , 985.6124074737554
980.9258508880594 , 100.83377811644854
985.9258508880594 , 105.83377811644854
980.6694287442447 , 180.5392193452929
985.6694287442447 , 185.5392193452929
980.1902953176044 , 260.15873750939176
985.1902953176044 , 265.15873750939176
980.8731409357158 , 340.70011318136477
985.8731409357158 , 345.70011318136477
980.2567263239805 , 420.613542610416
985.2567263239805 , 425.613542610416
980.7499588965615 , 500.8108769497108
985.7499588965615 , 505.8108769497108
980.8189635612944 , 580.0794808803558
985.8189635612944 , 585.0794808803558
980.6384758468948 , 660.3185370746202
985.6384758468948 , 665.3185370746202
980.5743230038029 , 740.0804158425451
985.5743230038029 , 745.0804158425451
980.839708178637 , 820.6398584732104
985.839708178637 , 825.6398584732104
980.1487743740746 , 900.3289756735566
985.1487743740746 , 905.3289756735566
980.3116524293637 , 980.0099260957086
985.3116524293637 , 985.0099260957086
