288
101.89520080240571 , 101.35064999346152
106.89520080240571 , 106.35064999346152
100.94841195890304 , 180.25646647117995
105.94841195890304 , 185.25646647117995
100.52246865561695 , 260.48082509885927
105.52246865561695 , 265.48082509885927
101.09934264032735 , 341.0253017908485
106.09934264032735 , 346.0253017908485
101.8751256768605 , 421.2556829979772
106.8751256768605 , 426.2556829979772
101.92421548426522 , 501.6403722585298
106.92421548426522 , 506.6403722585298
100.3022919515116 , 581.701504535564
105.3022919515116 , 586.701504535564
100.40170999719476 , 661.2250255525242
105.40170999719476 , 666.2250255525242
101.16568829808915 , 740.7422257698095
106.16568829808915 , 745.7422257698095
101.51738749113592 , 821.4329529205314
106.51738749113592 , 826.4329529205314
101.47571851417962 , 900.8177169344735
106.47571851417962 , 905.8177169344735
100.61947151158041 , 981.982826360961
105.61947151158041 , 986.982826360961
181.66383097823984 , 101.84594599293678
186.66383097823984 , 106.84594599293678
181.93791824708376 , 181.93341991531236
182.93791824708376 , 182.93341991531236
181.21615317840957 , 261.821116214337
182.21615317840957 , 262.821116214337
180.25325758945257 , 340.0555014644291
181.25325758945257 , 341.0555014644291
181.47937361323298 , 420.3167690074157
182.47937361323298 , 421.3167690074157
180.14093015458585 , 500.9464109368917
181.14093015458585 , 501.9464109368917
181.09716234393136 , 581.9036742344147
182.09716234393136 , 582.9036742344147
180.82116598895317 , 660.3813021306647
181.82116598895317 , 661.3813021306647
181.6480301545242 , 740.7362784090278
182.6480301545242 , 741.7362784090278
180.66639413485643 , 821.8026136527781
181.66639413485643 , 822.8026136527781
180.71820850890174 , 900.6624568444066
181.71820850890174 , 901.6624568444066
180.74793623829405 , 981.1473627763261
185.74793623829405 , 986.1473627763261
260.0289804416472 , 100.01660268290499
265.0289804416472 , 105.01660268290499
260.16131450703597 , 181.96927310151537
261.16131450703597 , 182.96927310151537
261.9633299390815 , 261.24782610543406
262.9633299390815 , 262.24782610543406
261.6504519491851 , 341.64057714676375
262.6504519491851 , 342.64057714676375
261.9408011669459 , 420.5928936824505
262.9408011669459 , 421.5928936824505
261.65200849031504 , 501.8722566069749
262.65200849031504 , 502.8722566069749
261.6884055220304 , 580.2393943821102
262.6884055220304 , 581.2393943821102
260.60592046878463 , 661.7811379631979
261.60592046878463 , 662.7811379631979
261.1850179176866 , 741.3144294313848
262.1850179176866 , 742.3144294313848
261.4201880874387 , 821.1534682786349
262.4201880874387 , 822.1534682786349
260.8708141811739 , 900.1151960025526
261.8708141811739 , 901.1151960025526
260.54594233786463 , 980.5754647147057
265.54594233786463 , 985.5754647147057
340.5106449909318 , 100.0661214014231
345.5106449909318 , 105.0661214014231
340.16930648763326 , 181.60196655034918
341.16930648763326 , 182.60196655034918
340.05803345504046 , 260.08044811014474
341.05803345504046 , 261.08044811014474
340.25233001359584 , 341.7962217701438
341.25233001359584 , 342.7962217701438
341.425018559179 , 421.91614247488025
342.425018559179 , 422.91614247488025
340.6364940830828 , 501.05724904002716
341.6364940830828 , 502.05724904002716
341.89445557097 , 580.8213572238913
342.89445557097 , 581.8213572238913
340.1926570147824 , 660.6386326394621
341.1926570147824 , 661.6386326394621
340.68898162359545 , 740.2393933271524
341.68898162359545 , 741.2393933271524
341.02813626941685 , 821.0038540489587
342.02813626941685 , 822.0038540489587
340.5352720718102 , 900.3789679412406
341.5352720718102 , 901.3789679412406
340.61021362363226 , 980.1700108422497
345.61021362363226 , 985.1700108422497
420.3435566443542 , 100.87678168595984
425.3435566443542 , 105.87678168595984
421.8290309921322 , 181.49872459499264
422.8290309921322 , 182.49872459499264
420.8450759088459 , 260.4557810770934
421.8450759088459 , 261.4557810770934
421.65900246679166 , 341.81958245169386
422.65900246679166 , 342.81958245169386
421.84377983465606 , 421.5636940757038
422.84377983465606 , 422.5636940757038
421.3203641125237 , 501.6198570382931
422.3203641125237 , 502.6198570382931
420.8970304292133 , 580.1013536807552
421.8970304292133 , 581.1013536807552
421.59500158093334 , 661.5511379626386
422.59500158093334 , 662.5511379626386
420.2314964579081 , 741.8399564565813
421.2314964579081 , 742.8399564565813
420.2131011878623 , 821.1178597681227
421.2131011878623 , 822.1178597681227
421.9101391381749 , 901.6479887824817
422.9101391381749 , 902.6479887824817
420.0374500337437 , 980.0162331288631
425.0374500337437 , 985.0162331288631
500.71120122027946 , 101.90400425809088
505.71120122027946 , 106.90400425809088
501.22317780111064 , 181.5308528598388
502.22317780111064 , 182.5308528598388
501.5293035012459 , 260.0013280117718
502.5293035012459 , 261.0013280117718
500.8319161294888 , 341.9697670199911
501.8319161294888 , 342.9697670199911
500.1504465604622 , 420.87869372786514
501.1504465604622 , 421.87869372786514
501.3483120900763 , 500.2953643395695
502.3483120900763 , 501.2953643395695
501.09439393359105 , 581.2766550411962
502.09439393359105 , 582.2766550411962
501.2990470563534 , 660.3681281999964
502.2990470563534 , 661.3681281999964
500.0105958031492 , 741.9920265393138
501.0105958031492 , 742.9920265393138
500.13821096771045 , 820.8781276123965
501.13821096771045 , 821.8781276123965
500.4059020885953 , 901.8361094717231
501.4059020885953 , 902.8361094717231
501.8358181817147 , 980.3745056744682
506.8358181817147 , 985.3745056744682
581.9672152604334 , 100.38276714264427
586.9672152604334 , 105.38276714264427
581.1494235769742 , 181.85669335313418
582.1494235769742 , 182.85669335313418
581.2138098593873 , 261.45150213709525
582.2138098593873 , 262.45150213709525
580.5482823024801 , 340.7420385500571
581.5482823024801 , 341.7420385500571
581.4368492145559 , 420.25014039501576
582.4368492145559 , 421.25014039501576
581.7396543230387 , 500.39487722922905
582.7396543230387 , 501.39487722922905
580.5020786529589 , 581.239584658274
581.5020786529589 , 582.239584658274
580.5242376299636 , 661.0884011895904
581.5242376299636 , 662.0884011895904
580.6218635583949 , 741.1747418249649
581.6218635583949 , 742.1747418249649
581.6570169115264 , 821.8200241538489
582.6570169115264 , 822.8200241538489
581.8386032225799 , 901.5345340398093
582.8386032225799 , 902.5345340398093
581.2125921466571 , 980.6060728662715
586.2125921466571 , 985.6060728662715
660.7856926877182 , 100.09714796957961
665.7856926877182 , 105.09714796957961
660.8082050967569 , 181.59884404445506
661.8082050967569 , 182.59884404445506
661.0097528962872 , 260.9074968748671
662.0097528962872 , 261.9074968748671
661.39446389892 , 341.2125902861059
662.39446389892 , 342.2125902861059
661.0725442697338 , 421.73131669689207
662.0725442697338 , 422.73131669689207
661.5830079590817 , 501.8044482818393
662.5830079590817 , 502.8044482818393
661.5335107497245 , 581.9355417430918
662.5335107497245 , 582.9355417430918
660.117453420521 , 661.213369805398
661.117453420521 , 662.213369805398
660.6884319240248 , 741.9401006333482
661.6884319240248 , 742.9401006333482
660.7685513328055 , 820.7905393250796
661.7685513328055 , 821.7905393250796
661.3159862316771 , 901.1713228884117
662.3159862316771 , 902.1713228884117
661.6959517315748 , 980.5926412623876
666.6959517315748 , 985.5926412623876
741.1569955570362 , 100.78239542842103
746.1569955570362 , 105.78239542842103
741.9298273848309 , 180.1319474145571
742.9298273848309 , 181.1319474145571
740.9617822670613 , 261.15563810822505
741.9617822670613 , 262.15563810822505
740.6335579197893 , 340.17764387787975
741.6335579197893 , 341.17764387787975
741.3811911987123 , 421.8354503278492
742.3811911987123 , 422.8354503278492
740.4614665349658 , 500.7863087679012
741.4614665349658 , 501.7863087679012
740.0747604402144 , 581.0945702509933
741.0747604402144 , 582.0945702509933
741.9086098088434 , 660.8990550576617
742.9086098088434 , 661.8990550576617
740.0124559839641 , 741.8687902266508
741.0124559839641 , 742.8687902266508
741.0241072086047 , 821.1502476390663
742.0241072086047 , 822.1502476390663
740.3230982603716 , 901.7909966323897
741.3230982603716 , 902.7909966323897
741.0343820361547 , 980.9595887601378
746.0343820361547 , 985.9595887601378
820.9286160532147 , 101.69431874010345
825.9286160532147 , 106.69431874010345
820.7809571341711 , 181.59057625872285
821.7809571341711 , 182.59057625872285
821.2553552194661 , 261.9427023835038
822.2553552194661 , 262.9427023835038
820.2574411943646 , 341.53372229233156
821.2574411943646 , 342.53372229233156
821.7385833478417 , 420.441412081248
822.7385833478417 , 421.441412081248
821.2390420270043 , 501.6360330439734
822.2390420270043 , 502.6360330439734
821.8041631047494 , 581.2005857718419
822.8041631047494 , 582.2005857718419
820.4173013507644 , 660.3369398552462
821.4173013507644 , 661.3369398552462
821.8632772154738 , 740.7397837615642
822.8632772154738 , 741.7397837615642
820.7585594129104 , 821.4365743827395
821.7585594129104 , 822.4365743827395
820.4346568953218 , 900.1478801697904
821.4346568953218 , 901.1478801697904
820.4803036459624 , 980.7570843822103
825.4803036459624 , 985.7570843822103
900.0659953078805 , 101.49253497627757
905.0659953078805 , 106.49253497627757
900.3065285835601 , 180.57531774402003
901.3065285835601 , 181.57531774402003
901.1684448019304 , 261.78682170749727
902.1684448019304 , 262.78682170749727
900.6205910609975 , 340.4921682050934
901.6205910609975 , 341.4921682050934
901.0449856465438 , 421.32424054836406
902.0449856465438 , 422.32424054836406
900.7248073332701 , 500.76082259598996
901.7248073332701 , 501.76082259598996
901.9306658065115 , 581.0019932178019
902.9306658065115 , 582.0019932178019
900.6395372272062 , 660.7851309220285
901.6395372272062 , 661.7851309220285
900.4176945314782 , 741.2323100127429
901.4176945314782 , 742.2323100127429
901.2453481183915 , 820.7665201053156
902.2453481183915 , 821.7665201053156
900.862621181984 , 901.2456679761823
901.862621181984 , 902.2456679761823
901.8287967866704 , 980.3870394264319
906.8287967866704 , 985.3870394264319
980.4748443526017 , 100.76878918384595
985.4748443526017 , 105.76878918384595
980.2348240865634 , 180.87558620444906
985.2348240865634 , 185.87558620444906
980.065064111979 , 261.22161613594903
985.065064111979 , 266.22161613594903
980.7373254053925 , 341.5287849428739
985.7373254053925 , 346.5287849428739
980.4328653052106 , 420.78432948281613
985.4328653052106 , 425.78432948281613
981.656436224374 , 501.669855393135
986.656436224374 , 506.669855393135
981.2912694184766 , 581.2787573144567
986.2912694184766 , 586.2787573144567
980.4977207148429 , 661.6894014127818
985.4977207148429 , 666.6894014127818
981.9994191369386 , 741.2505333341682
986.9994191369386 , 746.2505333341682
981.6345748621603 , 821.3156047649147
986.6345748621603 , 826.3156047649147
980.461383077573 , 901.9984293661238
985.461383077573 , 906.9984293661238
980.0452013935877 , 980.9869852344566
985.0452013935877 , 985.9869852344566
