288
78.28488303007722 , 73.72444974960366
83.28488303007722 , 78.72444974960366
74.80257625897437 , 155.72148557271692
79.80257625897437 , 160.72148557271692
85.9398012543272 , 221.10091436402067
90.9398012543272 , 226.10091436402067
62.43485909700314 , 330.4767753965418
67.43485909700314 , 335.4767753965418
73.45267840866114 , 384.43805685119406
78.45267840866114 , 389.43805685119406
73.48044783678489 , 486.45914332269786
78.48044783678489 , 491.45914332269786
65.58945886751687 , 549.6993636278739
70.58945886751687 , 554.6993636278739
74.62170952983804 , 647.5215725856813
79.62170952983804 , 652.5215725856813
79.62645825749469 , 701.4163402516679
84.62645825749469 , 706.4163402516679
64.28712086557229 , 810.1120726846667
69.28712086557229 , 815.1120726846667
71.71665925313364 , 888.7422798252541
76.71665925313364 , 893.7422798252541
77.56742988839697 , 953.9529906439719
82.56742988839697 , 958.9529906439719
158.70547922246178 , 87.01017272518087
163.70547922246178 , 92.01017272518087
171.03307662317042 , 147.6279680816948
172.03307662317042 , 148.6279680816948
149.63725610208104 , 239.41367093512795
150.63725610208104 , 240.41367093512795
169.57656570795197 , 302.5903861879559
170.57656570795197 , 303.5903861879559
170.2580822406232 , 409.214802646948
171.2580822406232 , 410.214802646948
170.84148926151101 , 484.74041988768715
171.84148926151101 , 485.74041988768715
171.42205615221255 , 546.1096355790362
172.42205615221255 , 547.1096355790362
171.05557213165304 , 634.2594326127725
172.05557213165304 , 635.2594326127725
159.7520886711733 , 705.7107331430632
160.7520886711733 , 706.7107331430632
154.58351547779324 , 785.2780098105483
155.58351547779324 , 786.2780098105483
155.36426848717912 , 871.1222801990662
156.36426848717912 , 872.1222801990662
140.16027439709916 , 962.8023424252684
145.16027439709916 , 967.8023424252684
227.76392580984236 , 68.37655292703054
232.76392580984236 , 73.37655292703054
225.06342539562866 , 169.45984122027053
226.06342539562866 , 170.45984122027053
248.59126263652044 , 243.56226719030235
249.59126263652044 , 244.56226719030235
235.44302549412367 , 315.99616028375
236.44302549412367 , 316.99616028375
241.57742344413788 , 408.73562750843286
242.57742344413788 , 409.73562750843286
237.3213597738588 , 471.1753765436809
238.3213597738588 , 472.1753765436809
242.4561760820857 , 557.8790410617224
243.4561760820857 , 558.8790410617224
246.53012872584293 , 647.9044296748234
247.53012872584293 , 648.9044296748234
222.07810283912966 , 711.1884148341998
223.07810283912966 , 712.1884148341998
239.46311413146933 , 806.6704654676171
240.46311413146933 , 807.6704654676171
234.6764890818683 , 873.9683460651878
235.6764890818683 , 874.9683460651878
243.23888641813315 , 968.7341291400742
248.23888641813315 , 973.7341291400742
310.50799599874716 , 76.62924478281512
315.50799599874716 , 81.62924478281512
310.33798017957497 , 141.05278675246714
311.33798017957497 , 142.05278675246714
328.94940938676086 , 238.41019769416408
329.94940938676086 , 239.41019769416408
325.84284356030844 , 330.79538710028663
326.84284356030844 , 331.79538710028663
322.98375613434587 , 408.43780781961595
323.98375613434587 , 409.43780781961595
329.21915663495565 , 484.5388331374355
330.21915663495565 , 485.5388331374355
305.20426813840896 , 555.27443293125
306.20426813840896 , 556.27443293125
312.82143829335683 , 645.1791949729856
313.82143829335683 , 646.1791949729856
302.5518616656002 , 706.2290021006456
303.5518616656002 , 707.2290021006456
321.90005135529 , 789.8721239298663
322.90005135529 , 790.8721239298663
326.4747885519158 , 883.1191836413113
327.4747885519158 , 884.1191836413113
323.7902335060882 , 946.6722129025196
328.7902335060882 , 951.6722129025196
400.0725364167129 , 80.06812453454674
405.0725364167129 , 85.06812453454674
399.5127357026251 , 167.997720332585
400.5127357026251 , 168.997720332585
404.71282969081835 , 245.50781872010762
405.71282969081835 , 246.50781872010762
388.1503387356334 , 314.61996040920525
389.1503387356334 , 315.61996040920525
403.98227626859773 , 394.933790134208
404.98227626859773 , 395.933790134208
395.98051679313886 , 489.0571621092849
396.98051679313886 , 490.0571621092849
400.46396573579926 , 551.1673347298017
401.46396573579926 , 552.1673347298017
408.99167429131643 , 647.3048444931526
409.99167429131643 , 648.3048444931526
402.0684384202497 , 723.0351260583444
403.0684384202497 , 724.0351260583444
410.87123026917527 , 811.7551811732636
411.87123026917527 , 812.7551811732636
407.1131688913224 , 886.7666230931696
408.1131688913224 , 887.7666230931696
390.48530331884785 , 950.3071110424683
395.48530331884785 , 955.3071110424683
471.9674459176831 , 79.38370422991885
476.9674459176831 , 84.38370422991885
469.84714033495266 , 157.7954105831558
470.84714033495266 , 158.7954105831558
478.24092978117767 , 222.36445616510957
479.24092978117767 , 223.36445616510957
478.22494282052384 , 331.4841605280191
479.22494282052384 , 332.4841605280191
466.44247277721036 , 407.1354903907862
467.44247277721036 , 408.1354903907862
489.8443955921682 , 478.05028838254015
490.8443955921682 , 479.05028838254015
481.04429142291133 , 558.504236948523
482.04429142291133 , 559.504236948523
471.71092626088534 , 649.9255085938045
472.71092626088534 , 650.9255085938045
480.42745570455315 , 724.7268591303196
481.42745570455315 , 725.7268591303196
485.25831457721785 , 791.0528893470378
486.25831457721785 , 792.0528893470378
483.133172016378 , 877.1743336942478
484.133172016378 , 878.1743336942478
472.7172692869289 , 958.4924626066464
477.7172692869289 , 963.4924626066464
544.6562871751725 , 87.69802890890695
549.6562871751725 , 92.69802890890695
554.4517032438657 , 154.14128422403954
555.4517032438657 , 155.14128422403954
566.3734005507421 , 246.31373782752664
567.3734005507421 , 247.31373782752664
556.4100912710178 , 312.42366390093235
557.4100912710178 , 313.42366390093235
560.5169361001393 , 381.3229994612224
561.5169361001393 , 382.3229994612224
560.2842064357109 , 478.24040017813854
561.2842064357109 , 479.24040017813854
552.0357196236267 , 541.5967399133217
553.0357196236267 , 542.5967399133217
549.9511501685016 , 650.3945837553307
550.9511501685016 , 651.3945837553307
545.655783677016 , 720.3579555903813
546.655783677016 , 721.3579555903813
549.6843156689131 , 807.2099413973735
550.6843156689131 , 808.2099413973735
564.4296823570178 , 862.4877186644883
565.4296823570178 , 863.4877186644883
545.2099004193252 , 952.9800757906071
550.2099004193252 , 957.9800757906071
648.1171948998744 , 65.53939958414132
653.1171948998744 , 70.53939958414132
642.597907166633 , 144.90032947381872
643.597907166633 , 145.90032947381872
632.6913714312884 , 246.02132609328714
633.6913714312884 , 247.02132609328714
633.5248598388895 , 320.44154150744396
634.5248598388895 , 321.44154150744396
640.7853846190899 , 408.5266051528622
641.7853846190899 , 409.5266051528622
639.8317547977434 , 479.4505210505809
640.8317547977434 , 480.4505210505809
641.2844155211576 , 570.8433179085415
642.2844155211576 , 571.8433179085415
627.3251557581174 , 636.3293239204862
628.3251557581174 , 637.3293239204862
638.462790705181 , 712.7721823651258
639.462790705181 , 713.7721823651258
631.3749423193354 , 811.0020284372799
632.3749423193354 , 812.0020284372799
647.5934881110533 , 876.9998433652172
648.5934881110533 , 877.9998433652172
645.9590797498863 , 940.5531908638825
650.9590797498863 , 945.5531908638825
726.6849252983616 , 65.70197837996346
731.6849252983616 , 70.70197837996346
710.3825797141387 , 155.23608135860562
711.3825797141387 , 156.23608135860562
706.5782058542504 , 229.2544503114733
707.5782058542504 , 230.2544503114733
728.998416005703 , 312.3625279938467
729.998416005703 , 313.3625279938467
724.3496649339428 , 384.0111618055014
725.3496649339428 , 385.0111618055014
726.8342380654815 , 481.94206232326593
727.8342380654815 , 482.94206232326593
722.1809214080026 , 542.1570861374446
723.1809214080026 , 543.1570861374446
705.8511621055924 , 633.4959532979859
706.8511621055924 , 634.4959532979859
705.4246530658651 , 722.4879086914842
706.4246530658651 , 723.4879086914842
710.746074720799 , 781.1047707554902
711.746074720799 , 782.1047707554902
730.4833428166727 , 882.8150483046971
731.4833428166727 , 883.8150483046971
708.4900339253396 , 945.6343727329115
713.4900339253396 , 950.6343727329115
784.9153640933107 , 62.5144407533805
789.9153640933107 , 67.5144407533805
804.5409147988622 , 157.18633988389604
805.5409147988622 , 158.18633988389604
799.7860197559966 , 230.70842118495963
800.7860197559966 , 231.70842118495963
788.309221657564 , 329.8604444870207
789.309221657564 , 330.8604444870207
784.6699408800711 , 381.89897576186326
785.6699408800711 , 382.89897576186326
781.9306339374326 , 466.7506667460384
782.9306339374326 , 467.7506667460384
784.6921935810565 , 567.5326627948998
785.6921935810565 , 568.5326627948998
807.4697010581307 , 631.9719024935243
808.4697010581307 , 632.9719024935243
789.585226884881 , 727.2348173770174
790.585226884881 , 728.2348173770174
784.5038497514197 , 792.8896354697433
785.5038497514197 , 793.8896354697433
801.0030834434983 , 882.4166044772759
802.0030834434983 , 883.4166044772759
796.2132927582369 , 955.0184648405954
801.2132927582369 , 960.0184648405954
878.8943875764301 , 65.32654058209886
883.8943875764301 , 70.32654058209886
875.8283106135967 , 151.30998483982574
876.8283106135967 , 152.30998483982574
888.5134889225043 , 250.486063555855
889.5134889225043 , 251.486063555855
861.7669712204115 , 301.70603434413346
862.7669712204115 , 302.70603434413346
876.7008288022073 , 392.1640411877442
877.7008288022073 , 393.1640411877442
883.0859615888407 , 464.08327580290177
884.0859615888407 , 465.08327580290177
873.928543620457 , 561.0975211805237
874.928543620457 , 562.0975211805237
862.1705124281187 , 631.7209813137829
863.1705124281187 , 632.7209813137829
869.962571663294 , 723.9836111370666
870.962571663294 , 724.9836111370666
882.3372670508372 , 786.1609405710299
883.3372670508372 , 787.1609405710299
886.827733846224 , 866.9819075734732
887.827733846224 , 867.9819075734732
886.5505969091129 , 961.2300094094055
891.5505969091129 , 966.2300094094055
957.1255063365671 , 83.9797292125018
962.1255063365671 , 88.9797292125018
961.0177610864708 , 154.58247925966668
966.0177610864708 , 159.58247925966668
954.5331762263393 , 241.25091771383396
959.5331762263393 , 246.25091771383396
960.2197480697148 , 307.93260296200805
965.2197480697148 , 312.93260296200805
948.2899406325698 , 381.9055832587683
953.2899406325698 , 386.9055832587683
950.9344728004718 , 470.41830293517
955.9344728004718 , 475.41830293517
968.7209081116249 , 562.3568021957524
973.7209081116249 , 567.3568021957524
962.8514052114014 , 634.6972351480517
967.8514052114014 , 639.6972351480517
953.7473523594989 , 702.966333418053
958.7473523594989 , 707.966333418053
968.068009803967 , 782.3499362039045
973.068009803967 , 787.3499362039045
942.5633418451699 , 860.2258395004852
947.5633418451699 , 865.2258395004852
955.4566948173722 , 967.6749539577926
960.4566948173722 , 972.6749539577926
