288
139.482,88.98936
106.19859,114.204025
138.80643,170.09195
91.40286,195.30664
139.19165,250.93808
79.68503,285.22995
138.91801,331.1611
73.35987,356.37573
138.80356,412.3164
66.18533,418.368
138.5281,492.81406
75.9957,487.77115
138.96248,573.3362
81.47307,551.1473
138.97552,653.9854
87.53764,626.75366
139.2031,734.9938
89.78231,702.7189
139.35558,815.9023
91.95201,779.5931
139.08014,896.19214
97.728035,868.9601
139.11287,976.9174
102.803795,947.6685
220.09515,89.761665
189.83762,130.10516
216.0392,170.56332
216.0392,170.56332
219.34639,250.38252
219.34639,250.38252
219.62708,331.36975
219.62708,331.36975
219.48578,412.1006
219.48578,412.1006
220.02702,492.41574
220.02702,492.41574
219.8457,573.5772
219.8457,573.5772
220.04216,654.54803
220.04216,654.54803
219.75523,734.8967
219.75523,734.8967
219.74648,815.1496
219.74648,815.1496
219.20111,895.8865
219.20111,895.8865
219.40607,976.8054
193.18282,931.4192
300.58673,89.712814
271.33762,136.1078
300.08777,169.63496
300.08777,169.63496
300.41882,251.03287
300.41882,251.03287
300.28928,331.20166
300.28928,331.20166
300.85983,412.20038
300.85983,412.20038
299.29105,495.74265
299.29105,495.74265
300.42508,573.672
300.42508,573.672
300.57117,654.5338
300.57117,654.5338
300.09912,734.8231
300.09912,734.8231
300.70453,815.1869
300.70453,815.1869
300.16177,896.42
300.16177,896.42
300.0662,977.0671
271.82568,925.629
381.0972,89.08389
357.89963,140.52182
381.50516,169.62637
381.50516,169.62637
383.24084,249.7533
383.24084,249.7533
380.93213,331.57462
380.93213,331.57462
381.389,412.2963
366.26028,455.66553
376.9666,490.71674
376.9666,490.71674
381.29095,573.7654
381.29095,573.7654
380.62164,654.4616
380.62164,654.4616
380.65082,734.77905
380.65082,734.77905
380.8334,815.8289
380.8334,815.8289
380.69473,895.85913
380.69473,895.85913
381.1946,977.13336
357.99713,909.5581
461.261,89.55858
443.1064,149.0652
461.63196,170.44818
461.63196,170.44818
462.1204,250.3596
462.1204,250.3596
462.24188,331.20633
441.06146,375.58408
466.12714,410.7028
466.12714,410.7028
461.51477,492.84576
490.76385,524.11194
461.45953,573.5513
461.45953,573.5513
461.52023,654.0176
461.52023,654.0176
461.25818,734.67236
461.25818,734.67236
462.21356,815.61163
462.21356,815.61163
461.7098,895.799
461.7098,895.799
461.34143,976.9312
460.33292,901.2871
542.3383,88.86393
525.19226,150.38773
541.98944,170.01385
541.98944,170.01385
542.34937,250.80782
542.34937,250.80782
542.6344,331.7157
542.6344,331.7157
542.67236,412.03918
542.67236,412.03918
542.18195,492.6322
542.18195,492.6322
542.934,573.6136
589.32904,594.79376
542.114,654.4393
542.114,654.4393
542.693,734.99097
542.693,734.99097
542.1995,815.7842
542.1995,815.7842
542.64166,895.7386
542.64166,895.7386
542.20844,976.79047
561.3716,914.25806
622.7148,89.152534
620.6976,149.66776
622.7082,170.50267
622.7082,170.50267
623.4528,251.02916
579.3594,265.72394
618.76575,330.96954
618.76575,330.96954
622.83984,412.14276
622.83984,412.14276
623.33795,493.10452
623.33795,493.10452
622.91455,573.43085
672.7287,569.6679
622.87427,653.8958
622.87427,653.8958
622.6684,735.24884
622.6684,735.24884
623.02045,815.80396
623.02045,815.80396
623.05634,896.336
628.0993,901.37897
623.1518,976.43506
647.358,920.9628
703.77264,89.50565
716.8841,149.01227
703.72906,169.66533
703.72906,169.66533
704.10394,250.39676
704.10394,250.39676
703.79877,331.26007
653.56354,299.45078
703.3555,412.47635
703.3555,412.47635
712.0093,492.87875
712.0093,492.87875
703.99304,573.7648
746.7655,547.22003
704.1237,654.45264
704.1237,654.45264
703.3096,735.0094
703.3096,735.0094
703.6696,815.8245
703.6696,815.8245
703.5449,896.2364
703.5449,896.2364
704.2899,977.1804
733.53894,927.7597
784.6742,89.1352
808.8805,145.61609
784.2093,169.8043
784.2093,169.8043
784.13885,251.04124
784.13885,251.04124
784.37726,331.8615
784.37726,331.8615
784.6089,412.20285
758.0643,369.8644
784.1746,494.71597
784.1746,494.71597
784.3937,571.857
784.3937,571.857
784.8995,654.5194
784.8995,654.5194
784.99774,735.27985
784.99774,735.27985
784.911,815.7969
784.911,815.7969
784.2821,896.3382
784.2821,896.3382
784.2598,976.5367
816.5349,936.1933
864.91046,89.0612
894.1597,142.51631
865.47675,170.48526
865.47675,170.48526
865.3491,250.85936
865.3491,250.85936
865.2443,331.66034
865.2443,331.66034
865.49036,412.40732
865.49036,412.40732
865.6744,492.92105
865.6744,492.92105
864.7314,573.9231
864.7314,573.9231
864.7856,654.11456
864.7856,654.11456
864.7809,735.23987
864.7809,735.23987
865.1197,815.6189
865.1197,815.6189
865.25494,896.413
865.25494,896.413
865.2014,976.55963
897.4762,932.1818
946.1291,89.5219
975.3779,136.92545
946.0451,169.66284
946.0451,169.66284
945.693,250.99649
945.693,250.99649
946.3028,331.30298
946.3028,331.30298
945.65735,412.3017
945.65735,412.3017
946.0868,492.66702
946.0868,492.66702
945.7815,573.8481
945.7815,573.8481
945.49255,654.00336
945.49255,654.00336
946.0724,734.423
946.0724,734.423
945.4241,815.5085
945.4241,815.5085
945.7501,896.5173
945.7501,896.5173
945.37756,977.02234
978.6607,932.64465
1026.9863,89.68919
1051.1925,119.94681
1026.7279,170.07904
1062.0283,207.39677
1026.2446,250.38226
1084.7426,296.77725
1026.9331,331.6153
1095.5171,383.0532
1026.3114,412.2149
1102.9644,458.60992
1026.8091,493.10095
1105.4785,499.1525
1026.8784,573.0503
1113.6168,570.02454
1026.6964,653.97833
1099.3146,622.712
1026.6318,734.4252
1095.2155,695.0902
1026.8994,815.67615
1077.3287,768.2727
1026.2025,896.04944
1080.6664,843.60315
1026.3668,976.415
1061.667,930.0198
