288
100.0,100.0
80.0,137.0
83.0,194.0
48.0,244.0
114.0,268.0
67.0,314.0
65.0,371.0
5.0,415.0
55.0,463.0
12.0,501.0
49.0,567.0
13.0,567.0
53.0,670.0
13.0,648.0
111.0,667.0
52.0,663.0
116.0,756.0
79.0,729.0
61.0,796.0
25.0,763.0
78.0,898.0
55.0,874.0
100.0,980.0
71.0,965.0
174.0,89.0
157.0,135.0
159.0,180.0
128.0,221.0
207.0,265.0
184.0,305.0
156.0,339.0
131.0,375.0
181.0,432.0
117.0,458.0
167.0,510.0
97.0,535.0
198.0,596.0
131.0,582.0
199.0,675.0
151.0,656.0
191.0,748.0
152.0,718.0
191.0,835.0
138.0,804.0
180.0,900.0
151.0,861.0
179.0,988.0
164.0,957.0
272.0,82.0
258.0,126.0
261.0,195.0
236.0,241.0
279.0,290.0
241.0,331.0
256.0,355.0
215.0,401.0
262.0,429.0
217.0,471.0
250.0,518.0
186.0,544.0
251.0,580.0
210.0,578.0
260.0,660.0
227.0,638.0
278.0,743.0
212.0,711.0
281.0,825.0
232.0,779.0
276.0,913.0
225.0,871.0
260.0,993.0
233.0,955.0
354.0,78.0
349.0,124.0
351.0,200.0
317.0,254.0
365.0,268.0
329.0,313.0
342.0,348.0
292.0,388.0
344.0,438.0
290.0,494.0
340.0,500.0
313.0,541.0
318.0,586.0
355.0,617.0
357.0,643.0
410.0,668.0
361.0,729.0
295.0,693.0
359.0,812.0
305.0,781.0
355.0,920.0
326.0,889.0
341.0,997.0
324.0,948.0
438.0,78.0
426.0,129.0
439.0,192.0
400.0,259.0
432.0,269.0
388.0,326.0
425.0,350.0
390.0,416.0
428.0,422.0
387.0,458.0
422.0,510.0
387.0,554.0
429.0,578.0
468.0,600.0
424.0,639.0
481.0,670.0
426.0,742.0
379.0,723.0
420.0,820.0
393.0,781.0
433.0,881.0
405.0,844.0
420.0,1001.0
421.0,963.0
513.0,79.0
507.0,128.0
519.0,181.0
469.0,235.0
511.0,275.0
513.0,326.0
484.0,362.0
524.0,402.0
511.0,447.0
473.0,460.0
505.0,507.0
467.0,520.0
496.0,597.0
530.0,603.0
509.0,648.0
570.0,672.0
495.0,734.0
553.0,739.0
495.0,800.0
458.0,770.0
510.0,890.0
484.0,849.0
506.0,1007.0
506.0,966.0
609.0,83.0
599.0,133.0
597.0,192.0
628.0,250.0
584.0,266.0
582.0,313.0
582.0,363.0
645.0,407.0
605.0,438.0
552.0,448.0
585.0,514.0
551.0,511.0
573.0,595.0
605.0,592.0
597.0,648.0
647.0,647.0
578.0,751.0
616.0,728.0
589.0,812.0
586.0,784.0
580.0,900.0
582.0,855.0
582.0,1010.0
576.0,963.0
675.0,86.0
663.0,139.0
680.0,202.0
720.0,253.0
679.0,276.0
719.0,316.0
670.0,353.0
743.0,398.0
677.0,436.0
646.0,439.0
666.0,512.0
628.0,506.0
653.0,591.0
685.0,564.0
668.0,672.0
726.0,651.0
661.0,758.0
711.0,744.0
675.0,835.0
675.0,802.0
639.0,890.0
648.0,854.0
665.0,1005.0
694.0,925.0
751.0,90.0
737.0,140.0
758.0,203.0
786.0,257.0
756.0,276.0
796.0,316.0
742.0,348.0
782.0,388.0
755.0,434.0
827.0,473.0
749.0,513.0
706.0,495.0
723.0,597.0
757.0,551.0
748.0,680.0
796.0,656.0
737.0,750.0
777.0,711.0
726.0,807.0
777.0,783.0
741.0,889.0
760.0,836.0
747.0,1006.0
768.0,934.0
824.0,94.0
826.0,142.0
834.0,209.0
863.0,265.0
831.0,272.0
871.0,312.0
822.0,355.0
928.0,408.0
844.0,445.0
924.0,482.0
804.0,486.0
870.0,526.0
816.0,555.0
813.0,526.0
844.0,672.0
884.0,634.0
820.0,740.0
845.0,702.0
800.0,805.0
860.0,745.0
827.0,889.0
866.0,842.0
821.0,997.0
832.0,937.0
900.0,102.0
913.0,158.0
920.0,196.0
953.0,256.0
916.0,259.0
956.0,299.0
928.0,339.0
1016.0,404.0
912.0,433.0
981.0,465.0
882.0,498.0
922.0,538.0
917.0,579.0
969.0,574.0
916.0,660.0
968.0,655.0
920.0,729.0
970.0,714.0
878.0,820.0
915.0,765.0
919.0,891.0
946.0,852.0
902.0,993.0
927.0,940.0
980.0,113.0
998.0,166.0
1009.0,212.0
1049.0,252.0
1020.0,287.0
1060.0,327.0
1029.0,365.0
1101.0,411.0
1041.0,454.0
1121.0,476.0
1001.0,899.0
1042.0,862.0
1053.0,590.0
1138.0,585.0
1043.0,666.0
1110.0,643.0
1030.0,750.0
1080.0,710.0
1016.0,833.0
1054.0,775.0
1047.0,518.0
1109.0,505.0
980.0,980.0
980.0,936.0
