288
78.28488,73.72445
47.28488,102.72445
63.802574,149.72148
24.802574,165.72148
56.939804,213.10092
18.939804,252.10092
48.43486,294.47678
-13.56514,329.47678
37.452675,386.43805
3.4526749,416.43805
30.480446,486.45914
-52.519554,480.45914
37.589462,553.69934
-37.410538,520.69934
44.62171,628.52155
-5.3782883,604.52155
50.626457,710.4163
10.626457,684.4163
61.287125,810.11206
20.287125,768.11206
71.71666,888.7423
76.71666,893.7423
78.56743,957.953
38.56743,909.953
158.70547,87.01017
126.705475,122.01016
171.03308,147.62798
172.03308,148.62798
149.63725,239.41367
150.63725,240.41367
169.57657,302.5904
170.57657,303.5904
170.25809,409.2148
171.25809,410.2148
170.84149,484.74042
171.84149,485.74042
171.42206,546.1096
172.42206,547.1096
171.05557,634.25946
172.05557,635.25946
159.75209,705.71075
160.75209,706.71075
154.58351,785.278
155.58351,786.278
155.36427,871.12225
156.36427,872.12225
140.16028,962.80237
109.16028,891.80237
232.76393,92.37656
237.76393,97.37656
225.06343,169.45984
226.06343,170.45984
248.59126,243.56227
169.59126,339.56226
235.44302,315.99615
236.44302,316.99615
241.57742,408.73563
242.57742,409.73563
237.32137,471.17538
238.32137,472.17538
242.45618,557.879
243.45618,558.879
246.53014,647.9044
247.53014,648.9044
222.07811,711.1884
223.07811,712.1884
239.46312,806.6705
240.46312,807.6705
234.67648,873.9683
235.67648,874.9683
243.23889,968.73413
202.23889,887.73413
294.508,55.629242
266.508,102.62924
310.33798,141.05278
311.33798,142.05278
328.9494,238.4102
329.9494,239.4102
325.84283,330.79538
320.84283,334.79538
322.98376,408.4378
323.98376,409.4378
329.21915,484.53882
358.21915,573.5388
305.20425,555.2744
306.20425,556.2744
312.82144,645.1792
313.82144,646.1792
302.55185,706.229
303.55185,707.229
322.90005,789.87213
241.90005,704.87213
326.4748,883.1192
327.4748,884.1192
324.79022,975.67224
289.79022,897.67224
404.07254,48.068123
352.07254,136.06812
399.51273,167.99773
400.51273,168.99773
404.71283,245.50781
405.71283,246.50781
388.15033,314.61996
389.15033,315.61996
403.98227,394.93378
344.98227,449.93378
395.98053,489.05716
396.98053,490.05716
400.46396,551.16736
401.46396,552.16736
408.99167,647.3049
512.9917,675.3049
402.06845,723.03516
403.06845,724.03516
410.87122,811.7552
411.87122,812.7552
407.11316,886.7666
408.11316,887.7666
407.4853,980.3071
372.4853,876.3071
471.96744,79.383705
476.96744,84.383705
469.84714,157.79541
422.84714,204.79541
478.24094,222.36446
479.24094,223.36446
478.22495,331.48416
479.22495,332.48416
466.44247,407.1355
467.44247,408.1355
489.8444,478.0503
493.8444,490.0503
481.04428,558.5042
488.0443,564.5042
471.71094,649.92554
472.71094,650.92554
480.42746,724.72687
481.42746,725.72687
485.2583,791.0529
486.2583,792.0529
483.13318,877.1743
484.13318,878.1743
472.71725,958.4925
461.71725,906.4925
553.6563,43.69803
517.6563,135.69803
554.4517,154.14128
555.4517,155.14128
566.3734,246.31374
567.3734,247.31374
547.4101,311.42368
554.4101,322.42368
560.5169,381.323
458.5169,381.323
560.2842,478.2404
561.2842,479.2404
552.0357,541.59674
553.0357,542.59674
549.9512,650.3946
642.9512,656.3946
545.65576,720.358
546.65576,721.358
549.6843,807.20996
550.6843,808.20996
564.4297,862.48773
565.4297,863.48773
545.2099,992.9801
542.2099,869.9801
654.1172,49.5394
657.1172,118.5394
642.5979,144.90033
643.5979,145.90033
632.69135,246.02133
633.69135,247.02133
633.52484,320.44153
629.52484,319.44153
640.7854,408.5266
641.7854,409.5266
639.8317,479.45053
640.8317,480.45053
641.2844,570.8433
648.2844,559.8433
627.32513,636.32935
628.32513,637.32935
638.46277,712.77216
639.46277,713.77216
631.37494,811.002
632.37494,812.002
647.5935,876.9998
648.5935,877.9998
631.9591,962.55316
667.9591,884.55316
727.68494,54.70198
750.68494,113.70198
710.38257,155.23608
711.38257,156.23608
706.5782,229.25446
707.5782,230.25446
728.9984,312.36252
729.9984,313.36252
724.3497,384.01117
648.3497,347.01117
726.8342,481.94205
727.8342,482.94205
722.1809,542.1571
723.1809,543.1571
705.85114,633.496
743.85114,552.496
705.4247,722.4879
706.4247,723.4879
710.7461,781.1048
711.7461,782.1048
730.48334,882.81506
731.48334,883.81506
711.49005,934.6344
755.49005,873.6344
782.91534,90.51444
810.91534,130.51443
804.5409,157.18634
805.5409,158.18634
799.786,230.70842
843.786,296.70844
788.3092,329.86044
789.3092,330.86044
784.6699,381.899
785.6699,382.899
781.93066,466.75067
770.93066,397.75067
784.6922,567.53265
785.6922,568.53265
807.4697,631.9719
808.4697,632.9719
789.5852,727.2348
790.5852,728.2348
784.50385,792.88965
826.50385,723.88965
801.0031,882.4166
802.0031,883.4166
798.2133,979.0185
850.2133,887.0185
878.8944,65.32654
909.8944,113.32654
875.8283,151.30998
876.8283,152.30998
888.5135,250.48607
889.5135,251.48607
861.76697,301.70602
862.76697,302.70602
876.7008,392.16403
877.7008,393.16403
883.08594,464.08328
884.08594,465.08328
873.9285,561.09753
874.9285,562.09753
862.17053,631.721
863.17053,632.721
869.9626,723.9836
870.9626,724.9836
882.3373,786.16095
883.3373,787.16095
886.82776,866.98193
887.82776,867.98193
887.5506,924.23
917.5506,879.23
957.1255,83.97973
992.1255,118.97973
973.01776,157.58247
1011.01776,192.58247
982.5332,244.25092
1028.5332,277.25092
992.2197,321.93262
1047.2197,364.93262
948.2899,381.90558
1005.2899,405.90558
1003.93445,443.4183
1058.9344,467.4183
1012.7209,546.3568
1083.721,518.3568
1004.8514,637.69727
1051.8513,605.69727
943.7474,710.9663
948.7474,715.9663
985.068,789.3499
1042.068,745.3499
970.56335,882.2258
1013.56335,848.2258
955.45667,967.6749
1006.45667,911.6749
